image: map_3011_20240311.pgm
resolution: 0.050000
origin: [-7.838901, -8.122300, 0.000000]
negate: 0
occupied_thresh: 0.65
free_thresh: 0.196

